230.0
20
449.49639738197254 80.20243319119561 0
318.8490867132143 118.34163270000876 1
352.42117254845977 88.7219164337765 0
116.79826376820735 64.48142114908327 0
174.8325533447732 143.76373661788668 1
440.4207080509408 143.90608830669885 1
432.03090926070007 54.57114478099755 0
244.4078518577752 40.23022976305846 0
191.19603268975615 30.205555549761982 0
143.37162876437776 59.428001969455366 0
304.07707667489404 28.210002746817096 0
199.4967000063675 87.09005493687594 0
492.3767900068277 19.636713095794857 0
498.00683106908343 57.75938144983874 0
294.6669048336315 61.917347186230735 0
450.1734876000107 126.11151070054557 0
7.34173226434276 110.51997900508786 0
5.943789142343392 44.24163308484396 0
276.33257891098543 138.94931342156806 2
190.94857773577988 108.68683464708737 2
167.74746990590006 50.21457506492149 0
53.09122309101932 68.43919213772803 0
90.40346809541916 9.460771851721145 0
62.23961263048194 2.746823100405221 0
97.75137356792763 125.21783335459038 1
299.697757697499 106.79694820798055 0
229.5741203143356 116.80472318189575 2
428.60437197370726 79.65332693973605 0
408.12564401292553 58.68327069856047 0
230.50174966943143 58.30162496944799 0
